0.00
0.00
0.00
44
75
40
0.50
0.50
0.25
22.00
37.50
10.00
4
5
1
4.5000e-04
6.6667e-05
3.60
1.56
0.43
1.00
0.19
3.6000e-09
3.3333e-06
2.00
3.00
0.010
1.00
0.01
1.1500e+00
1.56
1.39
0.420
1.00
0.10
4.7473e-02
3.2720e-01
1.0000e-04
3.3333e-06
10.00
1.30
0.010
1.00
0.01
0.00
0.00
0.00
44
75
40
0.50
0.50
0.25
22.00
37.50
10.00
4
5
1
4.5000e-04
6.6667e-05
3.60
1.56
0.43
1.00
0.19
3.6000e-09
3.3333e-06
2.00
3.00
0.010
1.00
0.01
1.1500e+00
1.56
1.39
0.420
1.00
0.10
4.7473e-02
3.2720e-01
1.0000e-04
3.3333e-06
10.00
1.30
0.010
1.00
0.01
